8634222491|0|تومان
308664577|0|تومان
6388771746|0|تومان
6650114626|0|تومان
6824410175|0|تومان
7697706241|0|تومان
1150684475|0|تومان
8265294244|0|تومان
8752353194|0|تومان
8317456998|0|تومان
6857311828|0|تومان
61682315|0|تومان
7523607942|0|تومان
110567097|-12,500|تومان
2019103307|0|تومان
7867814911|0|تومان
8605880460|0|تومان
5362025530|0|تومان
6287089520|0|تومان
8772429383|0|تومان
8559952792|0|تومان
7313287548|-35,000|تومان
8391304944|5,000|تومان
7553524859|0|تومان
121374949|0|تومان
2098005659|0|تومان
453488555|0|تومان
96265963|0|تومان
5436304507|-30,000|تومان
1004988337|0|تومان
505697914|0|تومان
5426819624|0|تومان
7116420654|0|تومان
5892284383|0|تومان
5960920197|0|تومان
1678545956|0|تومان
1264620233|0|تومان
108214310|200,000|تومان
7156035992|0|تومان
1433353826|0|تومان
1069268270|998,975,000|تومان
6768426458|15,000|تومان
7933232812|120,000|تومان
7068023866|5,000|تومان
5119712076|470,000|تومان
8201181833|490,000|تومان
8701872883|5,000|تومان
5444242384|5,000|تومان
1727114165|0|تومان
8587765208|330,000|تومان
8656466029|224,000|تومان
7970754394|9,000|تومان
6719647305|5,000|تومان
